$ 1 0.000005 10.20027730826997 50 5 50 5e-11
r 624 272 704 272 0 1500
r 704 272 784 272 0 1500
r 784 272 864 272 0 2700
r 864 272 960 272 0 3300
r 960 272 1056 272 0 5600
g 624 384 624 432 0 0
s 624 272 624 384 0 1 false
s 704 272 704 384 0 1 false
r 624 272 624 160 0 10000
R 624 160 624 80 0 0 40 5 0 0 0.5
p 624 272 496 272 1 0 0
r 1056 272 1152 272 0 8200
s 784 272 784 384 0 1 false
s 864 272 864 384 0 1 false
s 960 272 960 384 0 1 false
s 1056 272 1056 384 0 1 false
s 1152 272 1152 384 0 1 false
w 1152 384 1056 384 0
w 1056 384 960 384 0
w 960 384 864 384 0
w 864 384 784 384 0
w 784 384 704 384 0
w 704 384 624 384 0
p 864 272 864 176 1 0 0
o 10 32 0 4098 10 0.1 0 2 23 0
